0.000000 0.000000 0.000000 
0.000000 0.000000 0.000000 
0.000000 0.000000 0.000000 
0.000000 0.000000 0.000000 
0.000000 0.000000 0.000000 
0.000000 0.000000 0.000000 
0.000000 0.000000 0.000000 
0.000000 0.000000 0.000000 
0.000000 0.000000 0.000000 
0.000000 0.000000 0.000000 
0.000000 0.000000 0.000000 
0.000000 0.000000 0.000000 
0.000000 0.000000 0.000000 
0.000000 0.000000 0.000000 
0.000000 0.000000 0.000000 
0.000000 0.000000 0.000000 
0.000000 0.000000 0.000000 
0.000000 0.000000 0.000000 
0.000000 0.000000 0.000000 
0.000000 0.000000 0.000000 
0.000000 0.000000 0.000000 
0.000000 0.000000 0.000000 

0.000000 0.000000 0.000000 
0.000000 0.000000 0.000000 
0.000000 0.000000 0.000000 
0.000000 0.000000 0.000000 
0.000000 0.000000 0.000000 
0.000000 0.000000 0.000000 
0.000000 0.000000 0.000000 
0.000000 0.000000 0.000000 
0.000000 0.000000 0.000000 
0.000000 0.000000 0.000000 
0.000000 0.000000 0.000000 
0.000000 0.000000 0.000000 
0.000000 0.000000 0.000000 
0.000000 0.000000 0.000000 
0.000000 0.000000 0.000000 
0.000000 0.000000 0.000000 
0.000000 0.000000 0.000000 
0.000000 0.000000 0.000000 
0.000000 0.000000 0.000000 
0.000000 0.000000 0.000000 
0.000000 0.000000 0.000000 
0.000000 0.000000 0.000000 

0.000000 0.000000 0.000000 
0.000000 0.000000 0.000000 
0.000000 0.000000 0.000000 
0.000000 0.000000 0.000000 
0.000000 0.000000 0.000000 
0.000000 0.000000 0.000000 
0.000000 0.000000 0.000000 
0.000000 0.000000 0.000000 
0.000000 0.000000 0.000000 
0.000000 0.000000 0.000000 
0.000000 0.000000 0.000000 
0.000000 0.000000 0.000000 
0.000000 0.000000 0.000000 
0.000000 0.000000 0.000000 
0.000000 0.000000 0.000000 
0.000000 0.000000 0.000000 
0.000000 0.000000 0.000000 
0.000000 0.000000 0.000000 
0.000000 0.000000 0.000000 
0.000000 0.000000 0.000000 
0.000000 0.000000 0.000000 
0.000000 0.000000 0.000000 

0.000000 0.000000 0.000000 
0.000000 0.000000 0.000000 
0.000000 0.000000 0.000000 
0.000000 0.000000 0.000000 
0.000000 0.000000 0.000000 
0.000000 0.000000 0.000000 
0.000000 0.000000 0.000000 
0.000000 0.000000 0.000000 
0.000000 0.000000 0.000000 
0.000000 0.000000 0.000000 
0.000000 0.000000 0.000000 
0.000000 0.000000 0.000000 
0.000000 0.000000 0.000000 
0.000000 0.000000 0.000000 
0.000000 0.000000 0.000000 
0.000000 0.000000 0.000000 
0.000000 0.000000 0.000000 
0.000000 0.000000 0.000000 
0.000000 0.000000 0.000000 
0.000000 0.000000 0.000000 
0.000000 0.000000 0.000000 
0.000000 0.000000 0.000000 

0.000000 0.000000 0.000000 
0.000000 0.000000 0.000000 
0.000000 -0.200000 0.000000 
0.000000 1.000000 0.000000 
0.000000 0.250000 0.000000 
0.000000 -0.500000 0.000000 
0.000000 -0.000000 0.000000 
0.000000 -0.454545 0.000000 
0.000000 -0.272727 0.000000 
0.000000 -0.777778 0.000000 
0.000000 -0.750000 0.000000 
0.000000 -0.200000 0.000000 
0.000000 0.000000 0.000000 
0.000000 0.000000 0.000000 
0.000000 0.000000 0.000000 
0.000000 0.000000 0.000000 
0.000000 0.000000 0.000000 
0.000000 0.000000 0.000000 
0.000000 0.000000 0.000000 
0.000000 0.000000 0.000000 
0.000000 0.000000 0.000000 
0.000000 0.000000 0.000000 

0.000000 0.000000 0.000000 
0.000000 0.000000 0.000000 
0.000000 0.250000 0.000000 
0.000000 -0.250000 0.000000 
0.000000 -0.300000 0.000000 
0.000000 -0.419355 0.000000 
0.000000 0.000000 0.000000 
0.000000 -0.750000 0.000000 
0.000000 -0.357143 0.000000 
0.000000 -0.481481 0.000000 
0.000000 -0.655172 0.000000 
0.000000 -0.692308 0.000000 
0.000000 0.000000 0.000000 
0.000000 0.000000 0.000000 
0.000000 0.000000 0.000000 
0.000000 0.000000 0.000000 
0.000000 0.000000 0.000000 
0.000000 0.000000 0.000000 
0.000000 0.000000 0.000000 
0.000000 0.000000 0.000000 
0.000000 0.000000 0.000000 
0.000000 0.000000 0.000000 

0.000000 0.000000 0.000000 
0.000000 0.000000 0.000000 
0.000000 -0.703704 0.000000 
0.000000 -0.142857 0.000000 
0.000000 0.250000 0.000000 
0.000000 -0.000000 0.000000 
0.000000 -0.071429 0.000000 
0.000000 -0.476190 0.000000 
-1.000000 -0.529412 0.000000 
0.000000 -0.487179 0.000000 
-1.000000 -0.731343 0.000000 
0.000000 -0.944444 0.000000 
0.000000 0.000000 0.000000 
0.000000 0.000000 0.000000 
0.000000 0.000000 0.000000 
0.000000 0.000000 0.000000 
0.000000 0.000000 0.000000 
0.000000 0.000000 0.000000 
0.000000 0.000000 0.000000 
0.000000 0.000000 0.000000 
0.000000 0.000000 0.000000 
0.000000 0.000000 0.000000 

0.000000 0.000000 0.000000 
0.000000 0.000000 0.000000 
0.000000 -0.437500 0.000000 
-1.000000 -0.105263 0.000000 
1.000000 -0.333333 0.000000 
0.000000 -0.111111 0.000000 
-1.000000 0.058824 0.000000 
1.000000 -0.551020 0.000000 
-1.000000 -0.434783 0.000000 
0.000000 -0.772727 0.000000 
-0.666667 -0.578378 0.000000 
0.000000 -0.755102 0.000000 
0.000000 0.000000 0.000000 
0.000000 0.000000 0.000000 
0.000000 0.000000 0.000000 
0.000000 0.000000 0.000000 
0.000000 0.000000 0.000000 
0.000000 0.000000 0.000000 
0.000000 0.000000 0.000000 
0.000000 0.000000 0.000000 
0.000000 0.000000 0.000000 
0.000000 0.000000 0.000000 

0.000000 0.000000 0.000000 
0.000000 0.000000 0.000000 
0.000000 -0.363636 0.000000 
0.000000 -0.086957 0.000000 
-1.000000 -0.392857 0.000000 
1.000000 0.106383 0.000000 
0.000000 0.315789 0.000000 
-1.000000 -0.438596 0.000000 
-1.000000 -0.578947 0.000000 
-1.000000 -0.573770 0.000000 
-1.000000 -0.572581 0.000000 
-1.000000 -0.901639 0.000000 
0.000000 0.000000 0.000000 
0.000000 0.000000 0.000000 
0.000000 0.000000 0.000000 
0.000000 0.000000 0.000000 
0.000000 0.000000 0.000000 
0.000000 0.000000 0.000000 
0.000000 0.000000 0.000000 
0.000000 0.000000 0.000000 
0.000000 0.000000 0.000000 
0.000000 0.000000 0.000000 

0.000000 0.000000 0.000000 
0.000000 0.000000 0.000000 
0.000000 -0.200000 0.000000 
-0.333333 -0.150685 0.000000 
-0.200000 -0.068493 0.000000 
-0.200000 0.014925 0.000000 
0.333333 -0.139535 0.000000 
0.000000 -0.480519 0.000000 
-1.000000 -0.418605 0.000000 
-1.000000 -0.287671 0.000000 
-0.529412 -0.591195 0.000000 
-0.600000 -0.558823 0.000000 
0.000000 0.000000 0.000000 
0.000000 0.000000 0.000000 
0.000000 0.000000 0.000000 
0.000000 0.000000 0.000000 
0.000000 0.000000 0.000000 
0.000000 0.000000 0.000000 
0.000000 0.000000 0.000000 
0.000000 0.000000 0.000000 
0.000000 0.000000 0.000000 
0.000000 0.000000 0.000000 

0.000000 0.000000 0.000000 
0.000000 0.000000 0.000000 
-0.500000 -0.333333 0.000000 
0.333333 -0.187500 0.000000 
0.500000 -0.085714 0.000000 
0.000000 -0.200000 0.000000 
-0.200000 -0.191489 0.000000 
-0.272727 -0.656566 0.000000 
-0.666667 -0.623529 0.000000 
-0.142857 -0.348837 0.000000 
-0.304348 -0.578947 0.000000 
-0.600000 -0.777778 0.000000 
0.000000 0.000000 0.000000 
0.000000 0.000000 0.000000 
0.000000 0.000000 0.000000 
0.000000 0.000000 0.000000 
0.000000 0.000000 0.000000 
0.000000 0.000000 0.000000 
0.000000 0.000000 0.000000 
0.000000 0.000000 0.000000 
0.000000 0.000000 0.000000 
0.000000 0.000000 0.000000 

0.000000 0.000000 0.000000 
0.000000 0.000000 0.000000 
-0.500000 -0.288889 0.000000 
-0.200000 -0.120690 0.000000 
-0.714286 -0.284211 0.000000 
-0.666667 -0.195402 0.000000 
-0.111111 -0.254545 0.000000 
-0.066667 -0.315789 0.000000 
-0.500000 -0.567010 0.000000 
-0.666667 -0.437500 0.000000 
-0.714286 -0.601942 0.000000 
-0.750000 -0.775281 0.000000 
0.000000 0.000000 0.000000 
0.000000 0.000000 0.000000 
0.000000 0.000000 0.000000 
0.000000 0.000000 0.000000 
0.000000 0.000000 0.000000 
0.000000 0.000000 0.000000 
0.000000 0.000000 0.000000 
0.000000 0.000000 0.000000 
0.000000 0.000000 0.000000 
0.000000 0.000000 0.000000 

0.000000 0.000000 0.000000 
0.000000 0.000000 0.000000 
-0.411765 -0.257143 0.000000 
-0.407407 -0.319588 0.000000 
-0.071429 -0.172043 0.000000 
-0.212121 -0.104762 0.000000 
0.172414 -0.056410 0.000000 
-0.384615 -0.500000 0.000000 
-0.783784 -0.481132 0.000000 
-0.515152 -0.408867 0.000000 
-0.651515 -0.579191 0.000000 
-0.666667 -0.772973 0.000000 
0.000000 0.000000 0.000000 
0.000000 0.000000 0.000000 
0.000000 0.000000 0.000000 
0.000000 0.000000 0.000000 
0.000000 0.000000 0.000000 
0.000000 0.000000 0.000000 
0.000000 0.000000 0.000000 
0.000000 0.000000 0.000000 
0.000000 0.000000 0.000000 
0.000000 0.000000 0.000000 

0.000000 0.000000 0.000000 
0.000000 0.000000 0.000000 
-0.235294 -0.232227 0.000000 
-0.555556 -0.356436 0.000000 
-0.055556 -0.116505 0.000000 
-0.234043 -0.142857 0.000000 
-0.054545 -0.160714 0.000000 
-0.463415 -0.420408 0.000000 
-0.473684 -0.503937 0.000000 
-0.657143 -0.635468 0.000000 
-0.546961 -0.541578 0.000000 
-0.882353 -0.779735 0.000000 
0.000000 0.000000 0.000000 
0.000000 0.000000 0.000000 
0.000000 0.000000 0.000000 
0.000000 0.000000 0.000000 
0.000000 0.000000 0.000000 
0.000000 0.000000 0.000000 
0.000000 0.000000 0.000000 
0.000000 0.000000 0.000000 
0.000000 0.000000 0.000000 
0.000000 0.000000 0.000000 

0.000000 0.000000 0.000000 
0.000000 0.000000 0.000000 
-0.179487 -0.187500 0.000000 
-0.300000 -0.113402 0.000000 
-0.360000 -0.230000 0.000000 
-0.230769 -0.172727 0.000000 
-0.142857 -0.198113 0.000000 
-0.520000 -0.514894 0.000000 
-0.673469 -0.677130 0.000000 
-0.500000 -0.583673 0.000000 
-0.627451 -0.547806 0.000000 
-0.782609 -0.833333 0.000000 
0.000000 0.000000 0.000000 
0.000000 0.000000 0.000000 
0.000000 0.000000 0.000000 
0.000000 0.000000 0.000000 
0.000000 0.000000 0.000000 
0.000000 0.000000 0.000000 
0.000000 0.000000 0.000000 
0.000000 0.000000 0.000000 
0.000000 0.000000 0.000000 
0.000000 0.000000 0.000000 

0.000000 0.000000 0.000000 
0.000000 0.000000 0.000000 
-0.206897 -0.248980 0.000000 
-0.281250 -0.234568 0.000000 
-0.275862 -0.117647 0.000000 
-0.151515 -0.102703 0.000000 
-0.016393 -0.201835 0.000000 
-0.423729 -0.494505 0.000000 
-0.721519 -0.615721 0.000000 
-0.830508 -0.516588 0.000000 
-0.611307 -0.595289 0.000000 
-0.924528 -0.842364 0.000000 
0.000000 0.000000 0.000000 
0.000000 0.000000 0.000000 
0.000000 0.000000 0.000000 
0.000000 0.000000 0.000000 
0.000000 0.000000 0.000000 
0.000000 0.000000 0.000000 
0.000000 0.000000 0.000000 
0.000000 0.000000 0.000000 
0.000000 0.000000 0.000000 
0.000000 0.000000 0.000000 

0.000000 0.000000 0.000000 
0.000000 0.000000 0.000000 
0.111111 -0.151832 0.000000 
0.156250 -0.064220 0.000000 
-0.388889 -0.186147 0.000000 
-0.187500 -0.120370 0.000000 
-0.037037 -0.137615 0.000000 
-0.347368 -0.459677 0.000000 
-0.469879 -0.554545 0.000000 
-0.367089 -0.457143 0.000000 
-0.509091 -0.565416 0.000000 
-0.802817 -0.786046 0.000000 
0.000000 0.000000 0.000000 
0.000000 0.000000 0.000000 
0.000000 0.000000 0.000000 
0.000000 0.000000 0.000000 
0.000000 0.000000 0.000000 
0.000000 0.000000 0.000000 
0.000000 0.000000 0.000000 
0.000000 0.000000 0.000000 
0.000000 0.000000 0.000000 
0.000000 0.000000 0.000000 

0.000000 0.000000 0.000000 
0.000000 0.000000 0.000000 
-0.175824 -0.144737 0.000000 
-0.061856 -0.105485 0.000000 
-0.000000 0.000000 0.000000 
0.058140 -0.081731 0.000000 
-0.223529 -0.087629 0.000000 
-0.136364 -0.078947 0.000000 
-0.609756 -0.549020 0.000000 
-0.556818 -0.430493 0.000000 
-0.388889 -0.453446 0.000000 
-0.521127 -0.638095 0.000000 
0.000000 0.000000 0.000000 
0.000000 0.000000 0.000000 
0.000000 0.000000 0.000000 
0.000000 0.000000 0.000000 
0.000000 0.000000 0.000000 
0.000000 0.000000 0.000000 
0.000000 0.000000 0.000000 
0.000000 0.000000 0.000000 
0.000000 0.000000 0.000000 
0.000000 0.000000 0.000000 

0.000000 0.000000 0.000000 
0.000000 0.000000 0.000000 
0.240000 0.201005 0.000000 
0.289855 0.226852 0.000000 
0.125000 0.211055 0.000000 
0.317308 0.292929 0.000000 
0.293333 0.177340 0.000000 
0.511628 0.563158 0.000000 
0.252632 0.186274 0.000000 
-0.010870 -0.059140 0.000000 
-0.228792 -0.248235 0.000000 
-0.417582 -0.427835 0.000000 
0.000000 0.000000 0.000000 
0.000000 0.000000 0.000000 
0.000000 0.000000 0.000000 
0.000000 0.000000 0.000000 
0.000000 0.000000 0.000000 
0.000000 0.000000 0.000000 
0.000000 0.000000 0.000000 
0.000000 0.000000 0.000000 
0.000000 0.000000 0.000000 
0.000000 0.000000 0.000000 

0.000000 0.000000 0.000000 
0.000000 0.000000 0.000000 
0.452632 0.347594 0.000000 
0.403509 0.331754 0.000000 
0.632653 0.377143 0.000000 
0.359551 0.368132 0.000000 
0.500000 0.471963 0.000000 
0.531532 0.562189 0.000000 
0.661417 0.648148 0.000000 
0.341667 0.260417 0.000000 
0.058252 0.031785 0.000000 
-0.277108 -0.229814 0.000000 
0.000000 0.000000 0.000000 
0.000000 0.000000 0.000000 
0.000000 0.000000 0.000000 
0.000000 0.000000 0.000000 
0.000000 0.000000 0.000000 
0.000000 0.000000 0.000000 
0.000000 0.000000 0.000000 
0.000000 0.000000 0.000000 
0.000000 0.000000 0.000000 
0.000000 0.000000 0.000000 

0.000000 0.000000 0.000000 
0.000000 0.000000 0.000000 
0.552000 0.625749 0.000000 
0.652174 0.618374 0.000000 
0.532258 0.621263 0.000000 
0.760417 0.697595 0.000000 
0.738739 0.746667 0.000000 
0.773437 0.759197 0.000000 
0.800000 0.764890 0.000000 
0.741259 0.792398 0.000000 
0.468468 0.403538 0.000000 
0.121495 0.116364 0.000000 
0.000000 0.000000 0.000000 
0.000000 0.000000 0.000000 
0.000000 0.000000 0.000000 
0.000000 0.000000 0.000000 
0.000000 0.000000 0.000000 
0.000000 0.000000 0.000000 
0.000000 0.000000 0.000000 
0.000000 0.000000 0.000000 
0.000000 0.000000 0.000000 
0.000000 0.000000 0.000000 

0.000000 0.000000 0.000000 
0.000000 0.000000 0.000000 
0.931298 0.896373 0.000000 
0.889655 0.880208 0.000000 
0.860140 0.855769 0.000000 
0.920863 0.928572 0.000000 
0.929936 0.904564 0.000000 
0.909091 0.931373 0.000000 
0.897260 0.945701 0.000000 
0.943038 0.923077 0.000000 
0.909710 0.906683 0.000000 
0.645161 0.639053 0.000000 
0.000000 0.000000 0.000000 
0.000000 0.000000 0.000000 
0.000000 0.000000 0.000000 
0.000000 0.000000 0.000000 
0.000000 0.000000 0.000000 
0.000000 0.000000 0.000000 
0.000000 0.000000 0.000000 
0.000000 0.000000 0.000000 
0.000000 0.000000 0.000000 
0.000000 0.000000 0.000000 

